********************************************************************************
STREME - Sensitive, Thorough, Rapid, Enriched Motif Elicitation
********************************************************************************
MEME version 5.5.1 (Release date: Sun Jan 29 10:33:12 2023 -0800)

For further information on how to interpret these results please access https://meme-suite.org/meme.
To get a copy of the MEME Suite software please access https://meme-suite.org.

********************************************************************************


********************************************************************************
REFERENCE
********************************************************************************
If you use this program in your research, please cite:

Timothy L. Bailey,
"STREME: accurate and versatile sequence motif discovery",
Bioinformatics, Mar. 24, 2021.
********************************************************************************


ALPHABET= ACGU

strands: +

Background letter frequencies
A 0.301 C 0.2 G 0.201 U 0.298 

MOTIF 1-CAMCAVCAVYARCR STREME-1
letter-probability matrix: alength= 4 w= 14 nsites= 195 E= 1.9e-003
 0.000257 0.910641 0.000171 0.088931
 0.999404 0.000171 0.000171 0.000254
 0.603309 0.307589 0.000171 0.088931
 0.000257 0.821963 0.000171 0.177609
 0.644691 0.000171 0.278027 0.077111
 0.384565 0.201173 0.272124 0.142138
 0.071198 0.774663 0.047466 0.106673
 0.774754 0.006083 0.124320 0.094843
 0.378625 0.224823 0.283973 0.112579
 0.000257 0.437683 0.000171 0.561889
 0.762925 0.023818 0.118414 0.094843
 0.632868 0.006083 0.360795 0.000254
 0.136229 0.792398 0.000171 0.071202
 0.538276 0.011995 0.449476 0.000254

MOTIF 2-UGAWGAWGANGAUGA STREME-2
letter-probability matrix: alength= 4 w= 15 nsites= 469 E= 6.3e-003
 0.049362 0.125467 0.179213 0.645957
 0.069516 0.000065 0.930323 0.000096
 0.928116 0.000065 0.000065 0.071755
 0.283188 0.188168 0.015740 0.512904
 0.180176 0.000065 0.819663 0.000096
 0.822865 0.114270 0.000065 0.062800
 0.244185 0.203846 0.118749 0.433220
 0.297930 0.000065 0.701909 0.000096
 0.594454 0.033655 0.118751 0.253140
 0.267510 0.217282 0.192647 0.322561
 0.291210 0.098595 0.610099 0.000096
 0.511598 0.132185 0.159058 0.197159
 0.135387 0.168017 0.134424 0.562172
 0.195851 0.000065 0.801749 0.002336
 0.748968 0.114270 0.078441 0.058320

MOTIF 3-CUUCUUCDUCUUCUU STREME-3
letter-probability matrix: alength= 4 w= 15 nsites= 255 E= 1.1e-002
 0.051316 0.784700 0.010332 0.153651
 0.034263 0.058089 0.030800 0.876848
 0.184357 0.027388 0.058089 0.730166
 0.000148 0.852924 0.092202 0.054726
 0.279876 0.102435 0.044445 0.573245
 0.099073 0.133136 0.000099 0.767692
 0.010382 0.869977 0.000099 0.119542
 0.249166 0.112672 0.286647 0.351515
 0.221877 0.116080 0.116080 0.545963
 0.006970 0.777875 0.102438 0.112717
 0.225288 0.157019 0.143375 0.474318
 0.235525 0.010332 0.051270 0.702873
 0.037671 0.951850 0.006921 0.003558
 0.170710 0.157014 0.136549 0.535727
 0.133189 0.000099 0.167251 0.699461

MOTIF 4-UAUCAUCAWCA STREME-4
letter-probability matrix: alength= 4 w= 11 nsites= 314 E= 4.8e-002
 0.019165 0.067566 0.038664 0.874605
 0.873202 0.000093 0.091390 0.035316
 0.006567 0.087636 0.075319 0.830478
 0.016206 0.898033 0.000093 0.085668
 0.749110 0.083699 0.105024 0.062167
 0.042209 0.000093 0.125475 0.832224
 0.003352 0.923070 0.000093 0.073485
 0.627151 0.021322 0.308292 0.043235
 0.402256 0.129403 0.159763 0.308578
 0.027860 0.620428 0.059130 0.292581
 0.631002 0.001699 0.201816 0.165483

MOTIF 5-GCUGCUGUKRHDGC STREME-5
letter-probability matrix: alength= 4 w= 14 nsites= 283 E= 8.5e-001
 0.218354 0.060913 0.720579 0.000154
 0.073179 0.926563 0.000104 0.000154
 0.161122 0.143186 0.046605 0.649087
 0.025194 0.046605 0.928047 0.000154
 0.000155 0.992433 0.007258 0.000154
 0.175430 0.000103 0.043028 0.781439
 0.250553 0.003680 0.672589 0.073178
 0.139663 0.250499 0.082375 0.527463
 0.121774 0.146762 0.319948 0.411516
 0.430882 0.032300 0.339922 0.196896
 0.298532 0.304151 0.103843 0.293474
 0.225508 0.068067 0.332771 0.373654
 0.093158 0.028720 0.663347 0.214776
 0.089583 0.691961 0.110992 0.107465

MOTIF 6-AYCGUUACYGGUR STREME-6
letter-probability matrix: alength= 4 w= 13 nsites= 114 E= 1.5e+000
 0.703940 0.109893 0.126763 0.059404
 0.000366 0.551988 0.126763 0.320884
 0.000366 0.931551 0.000244 0.067839
 0.118450 0.000244 0.855640 0.025666
 0.000366 0.109893 0.211108 0.678633
 0.000366 0.033982 0.000244 0.965407
 0.978782 0.000244 0.020611 0.000363
 0.076277 0.703818 0.211108 0.008797
 0.118450 0.476077 0.000244 0.405229
 0.236533 0.017113 0.686949 0.059404
 0.236533 0.152066 0.518258 0.093143
 0.185926 0.211108 0.101459 0.501507
 0.455832 0.084589 0.459216 0.000363

MOTIF 7-UUGUUGUUGCUGU STREME-7
letter-probability matrix: alength= 4 w= 13 nsites= 62 E= 5.3e+000
 0.000615 0.000410 0.042923 0.956053
 0.156493 0.028751 0.057093 0.757663
 0.071482 0.000410 0.884959 0.043149
 0.014786 0.028751 0.042923 0.913541
 0.028956 0.190505 0.000411 0.780128
 0.014786 0.028751 0.913328 0.043135
 0.028956 0.014580 0.113797 0.842666
 0.043127 0.142130 0.028752 0.785991
 0.043127 0.085434 0.814147 0.057292
 0.213203 0.538978 0.218861 0.028957
 0.057298 0.113775 0.000411 0.828516
 0.128165 0.000410 0.828304 0.043121
 0.057298 0.085448 0.091311 0.765943

********************************************************************************
Stopped because 3 consecutive motifs exceeded the E-value threshold (0.05).
********************************************************************************
COMMAND:	streme --verbosity 1 --oc streme_out -rna --minw 6 --maxw 15 --order 2 --bfile ./background --seed 0 --align center --time 4740 --totallength 4000000 --evalue --thresh 0.05 --p Cbp80_G5.fa
********************************************************************************
CPU:		noble-meme.grid.gs.washington.edu
********************************************************************************
FINALTIME:	60.55 seconds
********************************************************************************
