********************************************************************************
XSTREME - Motif Discovery and Enrichment Analysis
********************************************************************************
MEME version 5.5.1 (Sun Jan 29 10:33:12 2023 -0800)

For further information on how to interpret these results please access https://meme-suite.org/meme.
To get a copy of the MEME Suite software please access https://meme-suite.org.

********************************************************************************


********************************************************************************
REFERENCE
********************************************************************************
If you use this program in your research, please cite:

Charles E. Grant and Timothy L. Bailey, "XSTREME: comprehensive motif analysis of biological sequence datasets",
BioRxiv, September 3, 2021.
********************************************************************************


ALPHABET= ACGU

Background letter frequencies (from file `./background'):
A 0.29267 C 0.20518 G 0.22048 U 0.28167 

MOTIF CCAKCUGCYGMYKCY MEME-4

letter-probability matrix: alength= 4 w= 15 nsites= 33 E= 2.4e-007
  0.000000	  0.727273	  0.272727	  0.000000	
  0.000000	  0.969697	  0.000000	  0.030303	
  0.787879	  0.000000	  0.000000	  0.212121	
  0.181818	  0.000000	  0.545455	  0.272727	
  0.242424	  0.727273	  0.000000	  0.030303	
  0.151515	  0.000000	  0.000000	  0.848485	
  0.000000	  0.000000	  0.757576	  0.242424	
  0.000000	  0.818182	  0.181818	  0.000000	
  0.000000	  0.515152	  0.000000	  0.484848	
  0.151515	  0.000000	  0.696970	  0.151515	
  0.363636	  0.545455	  0.000000	  0.090909	
  0.060606	  0.333333	  0.000000	  0.606061	
  0.181818	  0.000000	  0.545455	  0.272727	
  0.060606	  0.939394	  0.000000	  0.000000	
  0.000000	  0.575758	  0.000000	  0.424242	

MOTIF 4-AAGGAAAUCA STREME-4

letter-probability matrix: alength= 4 w= 10 nsites= 39 E= 1.0e+000
  0.997369	  0.000763	  0.000820	  0.001048	
  0.971710	  0.026422	  0.000820	  0.001048	
  0.063026	  0.000763	  0.883846	  0.052366	
  0.026748	  0.000763	  0.971442	  0.001048	
  0.971710	  0.026422	  0.000820	  0.001048	
  0.730160	  0.000763	  0.000820	  0.268257	
  0.678842	  0.000763	  0.077797	  0.242598	
  0.129384	  0.052081	  0.000820	  0.817715	
  0.001089	  0.971385	  0.026479	  0.001048	
  0.755819	  0.103399	  0.139734	  0.001048	

MOTIF 1-GSUGGUGKURMY STREME-1

letter-probability matrix: alength= 4 w= 12 nsites= 55 E= 3.1e-002
  0.001084	  0.000760	  0.997113	  0.001043	
  0.205452	  0.307313	  0.486192	  0.001043	
  0.001084	  0.077398	  0.000816	  0.920702	
  0.001084	  0.000760	  0.997113	  0.001043	
  0.001084	  0.154036	  0.792745	  0.052135	
  0.001084	  0.000760	  0.000816	  0.997340	
  0.001084	  0.000760	  0.997113	  0.001043	
  0.001084	  0.051852	  0.486192	  0.460872	
  0.001084	  0.026306	  0.000816	  0.971794	
  0.512005	  0.000760	  0.486192	  0.001043	
  0.435367	  0.562773	  0.000816	  0.001043	
  0.001084	  0.511681	  0.103001	  0.384234	

MOTIF GAAGAWGWCAARGAA MEME-10

letter-probability matrix: alength= 4 w= 15 nsites= 33 E= 1.1e-006
  0.000000	  0.000000	  1.000000	  0.000000	
  1.000000	  0.000000	  0.000000	  0.000000	
  0.878788	  0.121212	  0.000000	  0.000000	
  0.181818	  0.000000	  0.696970	  0.121212	
  0.666667	  0.060606	  0.000000	  0.272727	
  0.393939	  0.060606	  0.060606	  0.484848	
  0.000000	  0.000000	  1.000000	  0.000000	
  0.545455	  0.151515	  0.000000	  0.303030	
  0.242424	  0.515152	  0.060606	  0.181818	
  0.606061	  0.030303	  0.242424	  0.121212	
  0.848485	  0.000000	  0.151515	  0.000000	
  0.363636	  0.030303	  0.606061	  0.000000	
  0.000000	  0.000000	  1.000000	  0.000000	
  0.909091	  0.090909	  0.000000	  0.000000	
  0.969697	  0.030303	  0.000000	  0.000000	

MOTIF 2-GGUAAGYCU STREME-2

letter-probability matrix: alength= 4 w= 9 nsites= 52 E= 5.0e-001
  0.001320	  0.000925	  0.996485	  0.001270	
  0.001320	  0.000925	  0.996485	  0.001270	
  0.001320	  0.000925	  0.000994	  0.996761	
  0.996810	  0.000925	  0.000994	  0.001270	
  0.996810	  0.000925	  0.000994	  0.001270	
  0.001320	  0.032034	  0.965376	  0.001270	
  0.187974	  0.498671	  0.063212	  0.250143	
  0.001320	  0.903089	  0.094322	  0.001270	
  0.219083	  0.032034	  0.000994	  0.747888	

MOTIF GSUAHCAAGGMUGCU MEME-2

letter-probability matrix: alength= 4 w= 15 nsites= 83 E= 5.2e-036
  0.192771	  0.000000	  0.807229	  0.000000	
  0.120482	  0.421687	  0.265060	  0.192771	
  0.000000	  0.253012	  0.000000	  0.746988	
  0.614458	  0.000000	  0.301205	  0.084337	
  0.289157	  0.421687	  0.000000	  0.289157	
  0.000000	  0.674699	  0.000000	  0.325301	
  0.927711	  0.000000	  0.036145	  0.036145	
  0.915663	  0.060241	  0.024096	  0.000000	
  0.000000	  0.325301	  0.662651	  0.012048	
  0.072289	  0.132530	  0.698795	  0.096386	
  0.337349	  0.554217	  0.108434	  0.000000	
  0.168675	  0.180723	  0.000000	  0.650602	
  0.060241	  0.000000	  0.734940	  0.204819	
  0.096386	  0.518072	  0.240964	  0.144578	
  0.000000	  0.240964	  0.000000	  0.759036	

MOTIF 3-GCCAGAGCU STREME-3

letter-probability matrix: alength= 4 w= 9 nsites= 28 E= 1.0e+000
  0.041457	  0.001183	  0.915967	  0.041393	
  0.001687	  0.955649	  0.001271	  0.041393	
  0.041457	  0.876110	  0.001271	  0.081163	
  0.995922	  0.001183	  0.001271	  0.001624	
  0.001687	  0.080722	  0.915967	  0.001624	
  0.956153	  0.001183	  0.041040	  0.001624	
  0.001687	  0.001183	  0.995506	  0.001624	
  0.041457	  0.677263	  0.200118	  0.081163	
  0.001687	  0.001183	  0.080810	  0.916320	

