********************************************************************************
STREME - Sensitive, Thorough, Rapid, Enriched Motif Elicitation
********************************************************************************
MEME version 5.5.1 (Release date: Sun Jan 29 10:33:12 2023 -0800)

For further information on how to interpret these results please access https://meme-suite.org/meme.
To get a copy of the MEME Suite software please access https://meme-suite.org.

********************************************************************************


********************************************************************************
REFERENCE
********************************************************************************
If you use this program in your research, please cite:

Timothy L. Bailey,
"STREME: accurate and versatile sequence motif discovery",
Bioinformatics, Mar. 24, 2021.
********************************************************************************


ALPHABET= ACGU

strands: +

Background letter frequencies
A 0.299 C 0.202 G 0.201 U 0.297 

MOTIF 1-UGCUGSUGYUGUYG STREME-1
letter-probability matrix: alength= 4 w= 14 nsites= 284 E= 1.4e-004
 0.037779 0.274721 0.041492 0.646008
 0.000162 0.000110 0.992043 0.007685
 0.000162 0.724956 0.184436 0.090446
 0.015209 0.282256 0.011394 0.691140
 0.124306 0.015157 0.849091 0.011446
 0.075396 0.511826 0.259680 0.153098
 0.060350 0.003872 0.003871 0.931908
 0.135593 0.007633 0.849089 0.007685
 0.146874 0.292203 0.086634 0.474288
 0.056595 0.195724 0.018918 0.728763
 0.255969 0.026442 0.683572 0.034017
 0.075402 0.184444 0.033964 0.706189
 0.000162 0.338674 0.052777 0.608387
 0.173210 0.000110 0.747521 0.079159

MOTIF 2-UUGAUGAUG STREME-2
letter-probability matrix: alength= 4 w= 9 nsites= 596 E= 6.5e-004
 0.094296 0.034280 0.074638 0.796786
 0.103799 0.151985 0.065559 0.678658
 0.094383 0.007405 0.871726 0.026486
 0.855933 0.043392 0.078529 0.022146
 0.012610 0.077076 0.053575 0.856739
 0.100241 0.000233 0.890474 0.009053
 0.890722 0.063326 0.017781 0.028171
 0.024892 0.140002 0.088643 0.746462
 0.070873 0.005575 0.914171 0.009382

MOTIF 3-ACGGUA STREME-3
letter-probability matrix: alength= 4 w= 6 nsites= 220 E= 1.1e-003
 0.936285 0.018402 0.018293 0.027021
 0.027194 0.927493 0.018293 0.027021
 0.027194 0.018402 0.927384 0.027021
 0.027194 0.018402 0.927384 0.027021
 0.027194 0.018402 0.018293 0.936112
 0.936285 0.018402 0.018293 0.027021

MOTIF 4-UCAUCGUCAUYAU STREME-4
letter-probability matrix: alength= 4 w= 13 nsites= 294 E= 5.8e-003
 0.083037 0.095870 0.030985 0.790107
 0.003223 0.762784 0.000090 0.233903
 0.707958 0.080425 0.102054 0.109563
 0.080466 0.095873 0.021720 0.801941
 0.000133 0.993465 0.000090 0.006312
 0.157224 0.077334 0.759130 0.006312
 0.083558 0.061885 0.035356 0.819201
 0.006312 0.833325 0.000090 0.160273
 0.726483 0.015540 0.132954 0.125023
 0.131179 0.084795 0.037165 0.746862
 0.072481 0.605217 0.006269 0.316033
 0.553998 0.064976 0.192942 0.188084
 0.188080 0.095873 0.052619 0.663428

MOTIF 5-MUARUAWYAVYAHUA STREME-5
letter-probability matrix: alength= 4 w= 15 nsites= 232 E= 6.7e-003
 0.548792 0.319072 0.131953 0.000182
 0.000184 0.000124 0.000123 0.999569
 0.752916 0.000124 0.234020 0.012940
 0.655107 0.004377 0.327576 0.012940
 0.208560 0.234027 0.000123 0.557290
 0.999570 0.000124 0.000123 0.000182
 0.421213 0.182987 0.170227 0.225573
 0.097993 0.378610 0.000123 0.523273
 0.803951 0.000124 0.195742 0.000182
 0.374430 0.382867 0.229763 0.012940
 0.021446 0.476418 0.000123 0.502013
 0.591322 0.012882 0.293552 0.102244
 0.433968 0.293557 0.025639 0.246836
 0.055469 0.259538 0.017134 0.667859
 0.650852 0.004377 0.055409 0.289362

MOTIF 6-GAAGAAAUUGA STREME-6
letter-probability matrix: alength= 4 w= 11 nsites= 239 E= 2.1e-002
 0.000211 0.000143 0.999436 0.000210
 0.849144 0.000143 0.000142 0.150570
 0.798345 0.134432 0.021761 0.045462
 0.000211 0.000143 0.999436 0.000210
 0.769497 0.016157 0.015771 0.198575
 0.828102 0.021757 0.027252 0.122890
 0.557381 0.154802 0.213820 0.073998
 0.113673 0.061398 0.000142 0.824786
 0.073141 0.225013 0.190109 0.511737
 0.016130 0.000143 0.983517 0.000210
 0.756186 0.059304 0.071274 0.113237

MOTIF 7-CAACAACAACAGCRD STREME-7
letter-probability matrix: alength= 4 w= 15 nsites= 214 E= 2.8e-002
 0.000207 0.965820 0.000139 0.033833
 0.917848 0.033768 0.043375 0.005010
 0.509502 0.225927 0.168286 0.096284
 0.000207 0.840915 0.004943 0.153934
 0.874612 0.000140 0.067394 0.057853
 0.490260 0.187500 0.206739 0.115500
 0.000207 0.888957 0.024159 0.086677
 0.874610 0.019356 0.105828 0.000206
 0.557534 0.230733 0.153877 0.057855
 0.057854 0.831310 0.043375 0.067461
 0.749703 0.014552 0.120242 0.115502
 0.187592 0.144258 0.533432 0.134718
 0.101092 0.884151 0.000139 0.014618
 0.523917 0.000140 0.456522 0.019422
 0.322109 0.115434 0.302837 0.259620

MOTIF 8-UCUUCUUCUUCUUCU STREME-8
letter-probability matrix: alength= 4 w= 15 nsites= 112 E= 2.8e-002
 0.068550 0.091079 0.068396 0.771974
 0.000490 0.964664 0.000329 0.034517
 0.091237 0.147797 0.023016 0.737950
 0.000490 0.091079 0.023016 0.885415
 0.011833 0.930622 0.057058 0.000486
 0.091249 0.068398 0.034360 0.805994
 0.057207 0.068392 0.023016 0.851385
 0.011833 0.976008 0.000329 0.011830
 0.068550 0.181833 0.011673 0.737944
 0.034520 0.045705 0.023016 0.896759
 0.000490 0.805838 0.000329 0.193343
 0.091249 0.057049 0.011673 0.840030
 0.079894 0.136453 0.045709 0.737944
 0.045863 0.919290 0.023016 0.011830
 0.136646 0.170489 0.136451 0.556414

MOTIF 9-GAYGAUGANGAHGAH STREME-9
letter-probability matrix: alength= 4 w= 15 nsites= 177 E= 5.7e-002
 0.000257 0.000174 0.987420 0.012149
 0.850715 0.006121 0.077491 0.065673
 0.029995 0.356999 0.059644 0.553362
 0.083522 0.000174 0.910102 0.006202
 0.933975 0.006121 0.000173 0.059732
 0.083516 0.184540 0.053697 0.678248
 0.089463 0.000174 0.904161 0.006202
 0.737726 0.006121 0.065591 0.190562
 0.309524 0.208322 0.232109 0.250045
 0.119205 0.000174 0.862523 0.018099
 0.820986 0.012068 0.131009 0.035938
 0.238152 0.196428 0.172644 0.392775
 0.065678 0.012068 0.921999 0.000255
 0.862615 0.023962 0.065591 0.047832
 0.380877 0.267808 0.113167 0.238148

MOTIF 10-CGGUAACRUUA STREME-10
letter-probability matrix: alength= 4 w= 11 nsites= 404 E= 9.4e-002
 0.032063 0.879281 0.005932 0.082724
 0.082022 0.000085 0.893165 0.024728
 0.110499 0.052716 0.739700 0.097084
 0.000126 0.090723 0.005932 0.903219
 0.894226 0.000085 0.087304 0.018385
 0.494507 0.208794 0.075610 0.221089
 0.033499 0.841441 0.087318 0.037742
 0.405100 0.012993 0.561318 0.020589
 0.203846 0.208158 0.166610 0.421386
 0.029363 0.206190 0.026403 0.738045
 0.740227 0.071460 0.188188 0.000125

MOTIF 11-GWRGUGGYAGAGG STREME-11
letter-probability matrix: alength= 4 w= 13 nsites= 113 E= 2.7e+000
 0.000392 0.045655 0.944486 0.009467
 0.363573 0.036577 0.063810 0.536040
 0.327224 0.000265 0.626731 0.045780
 0.000392 0.036586 0.908164 0.054858
 0.181980 0.072890 0.000264 0.744867
 0.082112 0.045655 0.871843 0.000389
 0.000392 0.009343 0.989876 0.000389
 0.181966 0.290799 0.000264 0.526971
 0.735809 0.009343 0.236302 0.018545
 0.191067 0.145514 0.663030 0.000389
 0.572405 0.281694 0.000264 0.145638
 0.045782 0.027499 0.835549 0.091170
 0.054869 0.036577 0.799214 0.109340

MOTIF 12-GAAGAAGAARAAGAA STREME-12
letter-probability matrix: alength= 4 w= 15 nsites= 74 E= 4.3e+000
 0.000717 0.000485 0.964830 0.033967
 0.965065 0.017117 0.017106 0.000713
 0.965073 0.000485 0.017106 0.017336
 0.050586 0.033731 0.914970 0.000713
 0.798844 0.116846 0.083597 0.000713
 0.798827 0.017108 0.166729 0.017336
 0.117095 0.000485 0.848461 0.033959
 0.898582 0.083600 0.017106 0.000713
 0.748967 0.133469 0.050360 0.067205
 0.333201 0.033731 0.615732 0.017336
 0.699106 0.150092 0.100220 0.050582
 0.748975 0.000485 0.199958 0.050582
 0.033963 0.000485 0.931593 0.033959
 0.765598 0.100223 0.133466 0.000713
 0.931827 0.066977 0.000483 0.000713

********************************************************************************
Stopped because 3 consecutive motifs exceeded the E-value threshold (0.05).
********************************************************************************
COMMAND:	streme --verbosity 1 --oc streme_out -rna --minw 6 --maxw 15 --order 2 --bfile ./background --seed 0 --align center --time 4740 --totallength 4000000 --evalue --thresh 0.05 --p Cbp80Hpr1_RNApar.fa
********************************************************************************
CPU:		noble-meme.grid.gs.washington.edu
********************************************************************************
FINALTIME:	138.33 seconds
********************************************************************************
