********************************************************************************
XSTREME - Motif Discovery and Enrichment Analysis
********************************************************************************
MEME version 5.5.1 (Sun Jan 29 10:33:12 2023 -0800)

For further information on how to interpret these results please access https://meme-suite.org/meme.
To get a copy of the MEME Suite software please access https://meme-suite.org.

********************************************************************************


********************************************************************************
REFERENCE
********************************************************************************
If you use this program in your research, please cite:

Charles E. Grant and Timothy L. Bailey, "XSTREME: comprehensive motif analysis of biological sequence datasets",
BioRxiv, September 3, 2021.
********************************************************************************


ALPHABET= ACGU

Background letter frequencies (from file `./background'):
A 0.29913 C 0.20242 G 0.20122 U 0.29723 

MOTIF 1-UGCUGSUGYUGUYG STREME-1

letter-probability matrix: alength= 4 w= 14 nsites= 284 E= 1.4e-004
  0.037779	  0.274721	  0.041492	  0.646008	
  0.000162	  0.000110	  0.992043	  0.007685	
  0.000162	  0.724956	  0.184436	  0.090446	
  0.015209	  0.282256	  0.011394	  0.691140	
  0.124306	  0.015157	  0.849091	  0.011446	
  0.075396	  0.511826	  0.259680	  0.153098	
  0.060350	  0.003872	  0.003871	  0.931908	
  0.135593	  0.007633	  0.849089	  0.007685	
  0.146874	  0.292203	  0.086634	  0.474288	
  0.056595	  0.195724	  0.018918	  0.728763	
  0.255969	  0.026442	  0.683572	  0.034017	
  0.075402	  0.184444	  0.033965	  0.706189	
  0.000162	  0.338674	  0.052777	  0.608387	
  0.173210	  0.000110	  0.747521	  0.079159	

MOTIF 4-UCAUCGUCAUYAU STREME-4

letter-probability matrix: alength= 4 w= 13 nsites= 294 E= 5.8e-003
  0.083037	  0.095870	  0.030985	  0.790107	
  0.003223	  0.762784	  0.000090	  0.233903	
  0.707958	  0.080425	  0.102054	  0.109563	
  0.080465	  0.095873	  0.021720	  0.801941	
  0.000133	  0.993465	  0.000090	  0.006312	
  0.157224	  0.077334	  0.759130	  0.006312	
  0.083558	  0.061885	  0.035356	  0.819201	
  0.006312	  0.833325	  0.000090	  0.160273	
  0.726483	  0.015540	  0.132954	  0.125023	
  0.131179	  0.084795	  0.037165	  0.746862	
  0.072481	  0.605217	  0.006269	  0.316033	
  0.553998	  0.064976	  0.192942	  0.188084	
  0.188080	  0.095873	  0.052619	  0.663428	

MOTIF 10-CGGUAACRUUA STREME-10

letter-probability matrix: alength= 4 w= 11 nsites= 404 E= 9.4e-002
  0.032063	  0.879281	  0.005932	  0.082724	
  0.082022	  0.000085	  0.893165	  0.024728	
  0.110499	  0.052716	  0.739700	  0.097085	
  0.000126	  0.090723	  0.005932	  0.903219	
  0.894226	  0.000085	  0.087304	  0.018385	
  0.494507	  0.208794	  0.075610	  0.221089	
  0.033499	  0.841441	  0.087318	  0.037742	
  0.405100	  0.012993	  0.561318	  0.020589	
  0.203846	  0.208158	  0.166610	  0.421386	
  0.029363	  0.206190	  0.026403	  0.738045	
  0.740227	  0.071460	  0.188188	  0.000125	

MOTIF 12-GAAGAAGAARAAGAA STREME-12

letter-probability matrix: alength= 4 w= 15 nsites= 74 E= 4.3e+000
  0.000717	  0.000485	  0.964830	  0.033967	
  0.965065	  0.017117	  0.017105	  0.000713	
  0.965073	  0.000485	  0.017105	  0.017336	
  0.050586	  0.033731	  0.914970	  0.000713	
  0.798844	  0.116846	  0.083597	  0.000713	
  0.798827	  0.017108	  0.166729	  0.017336	
  0.117095	  0.000485	  0.848461	  0.033959	
  0.898582	  0.083600	  0.017105	  0.000713	
  0.748967	  0.133469	  0.050360	  0.067205	
  0.333201	  0.033731	  0.615732	  0.017336	
  0.699106	  0.150092	  0.100220	  0.050582	
  0.748975	  0.000485	  0.199958	  0.050582	
  0.033963	  0.000485	  0.931593	  0.033959	
  0.765598	  0.100223	  0.133466	  0.000713	
  0.931827	  0.066977	  0.000483	  0.000713	

MOTIF 5-MUARUAWYAVYAHUA STREME-5

letter-probability matrix: alength= 4 w= 15 nsites= 232 E= 6.7e-003
  0.548792	  0.319072	  0.131953	  0.000182	
  0.000184	  0.000124	  0.000123	  0.999569	
  0.752916	  0.000124	  0.234020	  0.012940	
  0.655107	  0.004377	  0.327576	  0.012940	
  0.208560	  0.234027	  0.000123	  0.557290	
  0.999570	  0.000124	  0.000123	  0.000182	
  0.421213	  0.182987	  0.170227	  0.225573	
  0.097993	  0.378610	  0.000123	  0.523273	
  0.803951	  0.000124	  0.195742	  0.000182	
  0.374430	  0.382867	  0.229763	  0.012940	
  0.021446	  0.476418	  0.000123	  0.502013	
  0.591322	  0.012882	  0.293552	  0.102244	
  0.433968	  0.293557	  0.025639	  0.246836	
  0.055469	  0.259538	  0.017134	  0.667859	
  0.650852	  0.004377	  0.055409	  0.289362	

